2072 0 20100 -44
2072 0 20100 -19
2072 0 20100 -20
2073 0 20100 -21
2074 0 20100 -22
2075 0 20100 -23
2076 0 20100 -24
2078 0 20100 -26
2079 0 20100 -26
2081 0 20100 -28
2082 0 20100 -29
2084 1 20100 -30
2086 1 20100 -32
2088 1 20100 -33
2091 1 20100 -35
2093 0 20100 -36
2095 0 20100 -38
2093 0 20100 -36
2091 -1 20100 -37
2088 -2 20100 -36
2085 -2 20012 -42
2082 -3 20012 -39
2079 -4 20012 -38
2076 -5 20012 -38
2073 -5 20012 -38
2070 -6 20012 -38
2067 -7 20012 -38
2063 -8 20012 -37
2058 -9 20012 -35
2054 -10 20012 -35
2050 -11 19740 -54
2045 -12 19740 -42
2041 -13 19740 -42
2037 -14 19740 -41
2034 -15 19740 -41
2030 -16 19740 -40
2026 -17 19740 -39
2022 -18 19740 -39
2018 -19 19740 -38
2014 -20 19740 -37
2009 -21 19620 -44
2005 -22 19620 -39
2001 -23 19620 -38
1998 -24 19620 -38
1994 -25 19620 -37
1991 -26 19620 -36
1987 -27 19620 -35
1984 -28 19620 -35
1980 -29 19620 -33
1977 -30 19620 -33
1973 -30 19580 -34
1970 -31 19580 -32
1967 -32 19580 -32
1964 -33 19580 -31
1961 -34 19580 -30
1959 -35 19580 -30
1956 -35 19580 -28
1954 -36 19580 -28
1951 -37 19580 -27
1949 -37 19580 -26
1947 -38 19672 -19
1945 -39 19672 -22
1943 -39 19672 -21
1941 -40 19672 -20
1939 -40 19672 -19
1938 -41 19672 -19
1936 -41 19672 -18
1935 -42 19672 -18
1933 -42 19672 -16
1932 -43 19672 -16
1931 -43 19688 -14
1931 -43 19688 -15
1930 -43 19688 -14
1929 -44 19688 -13
1928 -44 19688 -13
1927 -44 19688 -12
1926 -44 19688 -11
1926 -44 19688 -11
1926 -45 19688 -11
1926 -45 19688 -10
1926 -45 19840 0
1926 -45 19840 -4
1926 -45 19840 -4
1927 -45 19840 -4
1927 -45 19840 -3
1927 -44 19840 -2
1927 -44 19840 -2
1928 -44 19840 -2
1928 -44 19840 -1
1929 -44 19840 -1
1930 -43 19964 7
1931 -43 19964 2
1932 -43 19964 3
1933 -42 19964 3
1934 -42 19964 3
1935 -42 19964 4
1935 -41 19964 5
1937 -41 19964 4
1938 -40 19964 4
1940 -40 19964 4
1941 -39 20100 14
1943 -39 20100 9
1944 -38 20100 9
1946 -38 20100 9
1947 -37 20100 10
1949 -37 20100 9
1950 -36 20100 10
1952 -35 20100 10
1954 -35 20100 9
1956 -34 20100 9
1958 -33 20204 17
1960 -33 20204 13
1962 -32 20204 13
1963 -31 20204 13
1965 -30 20204 13
1967 -30 20204 13
1969 -29 20204 13
1971 -28 20204 13
1973 -27 20204 12
1975 -26 20204 12
1977 -26 20316 20
1980 -25 20316 15
1982 -24 20316 15
1984 -23 20316 15
1986 -22 20316 15
1988 -21 20316 15
1989 -21 20316 15
1992 -20 20316 14
1994 -19 20316 14
1996 -18 20316 14
1998 -17 20348 16
2000 -16 20348 14
2002 -15 20348 14
2004 -14 20348 14
2006 -13 20348 13
2008 -13 20348 13
2010 -12 20348 13
2012 -11 20348 12
2014 -10 20348 12
2016 -9 20348 12
2018 -8 20424 16
2020 -7 20424 13
2022 -6 20424 13
2024 -6 20424 12
2026 -5 20424 12
2028 -4 20424 11
2029 -3 20424 12
2031 -2 20424 11
2033 -1 20424 10
2035 -1 20424 10
2036 0 20416 9
2038 1 20416 9
2040 2 20416 8
2041 3 20416 8
2043 3 20416 7
2044 4 20416 7
2046 5 20416 6
2047 6 20416 6
2048 6 20416 6
2050 7 20416 5
2051 8 20448 7
2052 8 20448 5
2053 9 20448 5
2055 10 20448 4
2056 10 20448 4
2057 11 20448 3
2058 11 20448 3
2059 12 20448 3
2060 13 20448 2
2061 13 20448 2
2061 14 20392 -1
2062 14 20392 0
2063 15 20392 0
2064 15 20392 -1
2064 16 20392 -1
2065 16 20392 -2
2066 16 20392 -2
2066 17 20392 -2
2067 17 20392 -3
2067 18 20392 -3
2067 18 20372 -5
2068 18 20372 -5
2068 19 20372 -5
2068 19 20372 -5
2068 19 20372 -5
2069 19 20372 -6
2069 20 20372 -6
2069 20 20372 -7
2069 20 20372 -7
2069 20 20372 -7
2069 20 20260 -16
2068 20 20260 -11
2068 21 20260 -12
2068 21 20260 -12
2068 21 20260 -12
2068 21 20260 -13
2068 21 20260 -13
2067 21 20260 -13
2067 21 20260 -14
2066 21 20260 -13
2065 21 20224 -16
2065 21 20224 -15
2064 21 20224 -15
2064 21 20224 -16
2063 21 20224 -16
2063 20 20224 -17
2062 20 20224 -16
2061 20 20224 -16
2060 20 20224 -16
2060 20 20224 -17
2059 20 20140 -23
2058 19 20140 -20
2057 19 20140 -20
2056 19 20140 -20
2055 19 20140 -20
2054 18 20140 -20
2054 18 20140 -21
2052 18 20140 -20
2051 18 20140 -20
2050 17 20140 -20
2049 17 20048 -27
2048 17 20048 -23
2047 16 20048 -24
2046 16 20048 -24
2045 16 20048 -24
2043 15 20048 -23
2042 15 20048 -24
2041 14 20048 -24
2040 14 20048 -24
2039 14 20048 -24
2037 13 20036 -24
2036 13 20036 -24
2035 12 20036 -24
2033 12 20036 -23
2032 11 20036 -24
2031 11 20036 -24
2030 11 20036 -23
2029 10 20036 -23
2027 10 20036 -23
2026 9 20036 -23
2025 9 19936 -30
2023 8 19936 -25
2022 8 19936 -26
2021 7 19936 -26
2020 7 19936 -26
2018 6 19936 -25
2017 6 19936 -25
2016 5 19936 -25
2015 5 19936 -25
2013 4 19936 -24
2012 4 19916 -26
2011 3 19916 -25
2010 3 19916 -25
2008 2 19916 -24
2007 2 19916 -24
2006 1 19916 -24
2005 1 19916 -24
2004 0 19916 -24
2003 0 19916 -24
2002 0 19916 -23
2001 -1 19940 -22
1999 -1 19940 -22
1998 -2 19940 -22
1997 -2 19940 -21
1996 -3 19940 -21
1995 -3 19940 -21
1995 -4 19940 -21
1994 -4 19940 -21
1993 -4 19940 -20
1992 -5 19940 -20
1991 -5 19880 -24
1990 -6 19880 -21
1989 -6 19880 -21
1988 -6 19880 -21
1987 -7 19880 -20
1987 -7 19880 -21
1986 -8 19880 -20
1985 -8 19880 -20
1985 -8 19880 -20
1984 -9 19880 -19
1983 -9 19904 -17
1983 -9 19904 -18
1982 -10 19904 -18
1982 -10 19904 -18
1981 -10 19904 -17
1981 -10 19904 -18
1980 -11 19904 -17
1980 -11 19904 -17
1979 -11 19904 -16
1979 -11 19904 -16
1979 -12 19976 -11
1978 -12 19976 -13
1978 -12 19976 -13
1978 -12 19976 -13
1977 -12 19976 -12
1977 -13 19976 -13
1977 -13 19976 -12
1977 -13 19976 -12
1977 -13 19976 -12
1977 -13 19976 -12
1977 -13 19968 -12
1976 -13 19968 -11
1976 -14 19968 -11
1976 -14 19968 -11
1976 -14 19968 -11
1976 -14 19968 -10
1976 -14 19968 -10
1977 -14 19968 -11
1977 -14 19968 -10
1977 -14 19968 -10
1977 -14 20004 -7
1977 -14 20004 -8
1978 -14 20004 -9
1978 -14 20004 -8
1978 -14 20004 -8
1978 -14 20004 -8
1978 -14 20004 -8
1979 -14 20004 -8
1979 -14 20004 -7
1980 -14 20004 -8
1980 -13 20044 -4
1981 -13 20044 -7
1981 -13 20044 -6
1981 -13 20044 -6
1982 -13 20044 -6
1982 -13 20044 -6
1983 -13 20044 -6
1983 -13 20044 -5
1984 -12 20044 -6
1985 -12 20044 -6
1985 -12 20132 0
1986 -12 20132 -3
1986 -12 20132 -2
1987 -12 20132 -3
1987 -11 20132 -2
1988 -11 20132 -3
1989 -11 20132 -3
1989 -11 20132 -2
1990 -11 20132 -3
1991 -10 20132 -3
1991 -10 20140 -1
1992 -10 20140 -2
1993 -10 20140 -2
1994 -9 20140 -2
1994 -9 20140 -2
1995 -9 20140 -2
1996 -9 20140 -2
1996 -8 20140 -2
1997 -8 20140 -2
1998 -8 20140 -3
1999 -7 20148 -2
1999 -7 20148 -2
2000 -7 20148 -2
2001 -7 20148 -3
2002 -6 20148 -3
2002 -6 20148 -2
2003 -6 20148 -3
2004 -5 20148 -3
2004 -5 20148 -3
2005 -5 20148 -3
2006 -5 20200 0
2007 -4 20200 -2
2008 -4 20200 -2
2008 -4 20200 -2
2009 -3 20200 -2
2010 -3 20200 -2
2010 -3 20200 -2
2011 -2 20200 -2
2012 -2 20200 -3
2012 -2 20200 -2
2013 -2 20212 -2
2014 -1 20212 -3
2014 -1 20212 -2
2015 -1 20212 -3
2016 0 20212 -3
2016 0 20212 -3
2017 0 20212 -3
2017 0 20212 -3
2018 1 20212 -4
2019 1 20212 -4
2019 1 20224 -3
2020 1 20224 -4
2020 2 20224 -3
2021 2 20224 -4
2021 2 20224 -4
2022 2 20224 -4
2022 3 20224 -4
2023 3 20224 -5
2023 3 20224 -4
2024 3 20224 -5
2024 4 20192 -7
2025 4 20192 -6
2025 4 20192 -6
2025 4 20192 -6
2026 4 20192 -7
2026 5 20192 -6
2027 5 20192 -7
2027 5 20192 -7
2027 5 20192 -7
2027 5 20192 -7
