0 0 0
0 -2 88
0 -10 360
0 -20 480
0 -30 520
0 -37 428
0 -43 412
0 -45 260
0 -44 136
0 -40 0
0 -34 -104
0 -26 -216
0 -18 -248
0 -9 -324
0 -1 -316
0 7 -348
0 13 -292
0 18 -272
0 20 -160
0 21 -124
0 20 -40
0 17 52
0 14 64
0 9 164
0 4 184
0 0 160
0 -5 220
0 -9 196
0 -11 124
0 -13 132
0 -14 96
0 -14 56
0 -12 -32
0 -10 -40
0 -8 -48
0 -5 -100
0 -2 -112
0 1 -124
0 3 -92
0 5 -100
0 7 -108
0 8 -72
0 8 -32
0 7 12
0 6 16
0 5 20
0 3 68
0 2 32
0 0 80
0 -2 88
0 -3 52
0 -4 56
0 -4 16
0 -5 60
0 -5 20
0 -4 -24
0 -3 -28
0 -2 -32
0 -2 8
0 -1 -36
0 0 -40
0 1 -44
0 2 -48
0 2 -8
0 3 -52
0 3 -12
0 2 32
0 2 -8
0 2 -8
0 1 36
0 1 -4
0 0 40
0 -1 44
0 -1 4
0 -1 4
0 -2 48
0 -2 8
0 -2 8
0 -1 -36
0 -1 4
0 -1 4
0 0 -40
0 0 0
0 0 0
0 0 0
0 1 -44
0 1 -4
0 1 -4
0 1 -4
0 1 -4
0 1 -4
0 1 -4
0 0 40
0 0 0
0 0 0
0 0 0
0 0 0
0 0 0
0 -1 44
0 -1 4
0 -1 4
0 0 -40
0 0 0
0 0 0
0 0 0
0 0 0
0 0 0
0 0 0
0 0 0
0 0 0
0 0 0
0 0 0
0 0 0
0 0 0
0 0 0
0 0 0
0 0 0
0 0 0
0 0 0
0 0 0
0 0 0
0 0 0
0 0 0
0 0 0
0 0 0
0 0 0
0 0 0
0 0 0
0 0 0
0 0 0
0 0 0
0 0 0
0 0 0
0 0 0
0 0 0
0 0 0
0 0 0
0 0 0
0 0 0
0 0 0
0 0 0
0 0 0
0 0 0
0 0 0
0 0 0
0 0 0
0 0 0
0 0 0
0 0 0
0 0 0
0 0 0
0 0 0
0 0 0
0 0 0
0 0 0
0 0 0
0 0 0
0 0 0
0 0 0
0 0 0
0 0 0
0 0 0
0 0 0
0 0 0
0 0 0
0 0 0
0 0 0
0 0 0
0 0 0
0 0 0
0 0 0
0 0 0
0 0 0
0 0 0
0 0 0
0 0 0
0 0 0
0 0 0
0 0 0
0 0 0
0 0 0
0 0 0
0 0 0
0 0 0
0 0 0
0 0 0
0 0 0
0 0 0
0 0 0
0 0 0
0 0 0
0 0 0
0 0 0
0 0 0
0 0 0
0 0 0
0 0 0
0 0 0
0 0 0
0 0 0
