20100 20720 -44
20100 20720 -19
20100 20720 -20
20100 20730 -21
20100 20740 -22
20100 20750 -23
20100 20760 -24
20100 20780 -26
20100 20790 -26
20100 20810 -28
20100 20820 -29
20100 20840 -30
20100 20860 -32
20100 20880 -33
20100 20910 -35
20100 20930 -36
20100 20950 -38
20100 20930 -36
20100 20910 -37
20100 20880 -36
20012 20850 -42
20012 20820 -39
20012 20790 -38
20012 20760 -38
20012 20730 -38
20012 20700 -38
20012 20670 -38
20012 20630 -37
20012 20580 -35
20012 20540 -35
19740 20500 -54
19740 20450 -42
19740 20410 -42
19740 20370 -41
19740 20340 -41
19740 20300 -40
19740 20260 -39
19740 20220 -39
19740 20180 -38
19740 20140 -37
19620 20090 -44
19620 20050 -39
19620 20010 -38
19620 19980 -38
19620 19940 -37
19620 19910 -36
19620 19870 -35
19620 19840 -35
19620 19800 -33
19620 19770 -33
19580 19730 -34
19580 19700 -32
19580 19670 -32
19580 19640 -31
19580 19610 -30
19580 19590 -30
19580 19560 -28
19580 19540 -28
19580 19510 -27
19580 19490 -26
19672 19470 -19
19672 19450 -22
19672 19430 -21
19672 19410 -20
19672 19390 -19
19672 19380 -19
19672 19360 -18
19672 19350 -18
19672 19330 -16
19672 19320 -16
19688 19310 -14
19688 19310 -15
19688 19300 -14
19688 19290 -13
19688 19280 -13
19688 19270 -12
19688 19260 -11
19688 19260 -11
19688 19260 -11
19688 19260 -10
19840 19260 0
19840 19260 -4
19840 19260 -4
19840 19270 -4
19840 19270 -3
19840 19270 -2
19840 19270 -2
19840 19280 -2
19840 19280 -1
19840 19290 -1
19964 19300 7
19964 19310 2
19964 19320 3
19964 19330 3
19964 19340 3
19964 19350 4
19964 19350 5
19964 19370 4
19964 19380 4
19964 19400 4
20100 19410 14
20100 19430 9
20100 19440 9
20100 19460 9
20100 19470 10
20100 19490 9
20100 19500 10
20100 19520 10
20100 19540 9
20100 19560 9
20204 19580 17
20204 19600 13
20204 19620 13
20204 19630 13
20204 19650 13
20204 19670 13
20204 19690 13
20204 19710 13
20204 19730 12
20204 19750 12
20316 19770 20
20316 19800 15
20316 19820 15
20316 19840 15
20316 19860 15
20316 19880 15
20316 19890 15
20316 19920 14
20316 19940 14
20316 19960 14
20348 19980 16
20348 20000 14
20348 20020 14
20348 20040 14
20348 20060 13
20348 20080 13
20348 20100 13
20348 20120 12
20348 20140 12
20348 20160 12
20424 20180 16
20424 20200 13
20424 20220 13
20424 20240 12
20424 20260 12
20424 20280 11
20424 20290 12
20424 20310 11
20424 20330 10
20424 20350 10
20416 20360 9
20416 20380 9
20416 20400 8
20416 20410 8
20416 20430 7
20416 20440 7
20416 20460 6
20416 20470 6
20416 20480 6
20416 20500 5
20448 20510 7
20448 20520 5
20448 20530 5
20448 20550 4
20448 20560 4
20448 20570 3
20448 20580 3
20448 20590 3
20448 20600 2
20448 20610 2
20392 20610 -1
20392 20620 0
20392 20630 0
20392 20640 -1
20392 20640 -1
20392 20650 -2
20392 20660 -2
20392 20660 -2
20392 20670 -3
20392 20670 -3
20372 20670 -5
20372 20680 -5
20372 20680 -5
20372 20680 -5
20372 20680 -5
20372 20690 -6
20372 20690 -6
20372 20690 -7
20372 20690 -7
20372 20690 -7
20260 20690 -16
20260 20680 -11
20260 20680 -12
20260 20680 -12
20260 20680 -12
20260 20680 -13
20260 20680 -13
20260 20670 -13
20260 20670 -14
20260 20660 -13
20224 20650 -16
20224 20650 -15
20224 20640 -15
20224 20640 -16
20224 20630 -16
20224 20630 -17
20224 20620 -16
20224 20610 -16
20224 20600 -16
20224 20600 -17
20140 20590 -23
20140 20580 -20
20140 20570 -20
20140 20560 -20
20140 20550 -20
20140 20540 -20
20140 20540 -21
20140 20520 -20
20140 20510 -20
20140 20500 -20
20048 20490 -27
20048 20480 -23
20048 20470 -24
20048 20460 -24
20048 20450 -24
20048 20430 -23
20048 20420 -24
20048 20410 -24
20048 20400 -24
20048 20390 -24
20036 20370 -24
20036 20360 -24
20036 20350 -24
20036 20330 -23
20036 20320 -24
20036 20310 -24
20036 20300 -23
20036 20290 -23
20036 20270 -23
20036 20260 -23
19936 20250 -30
19936 20230 -25
19936 20220 -26
19936 20210 -26
19936 20200 -26
19936 20180 -25
19936 20170 -25
19936 20160 -25
19936 20150 -25
19936 20130 -24
19916 20120 -26
19916 20110 -25
19916 20100 -25
19916 20080 -24
19916 20070 -24
19916 20060 -24
19916 20050 -24
19916 20040 -24
19916 20030 -24
19916 20020 -23
19940 20010 -22
19940 19990 -22
19940 19980 -22
19940 19970 -21
19940 19960 -21
19940 19950 -21
19940 19950 -21
19940 19940 -21
19940 19930 -20
19940 19920 -20
19880 19910 -24
19880 19900 -21
19880 19890 -21
19880 19880 -21
19880 19870 -20
19880 19870 -21
19880 19860 -20
19880 19850 -20
19880 19850 -20
19880 19840 -19
19904 19830 -17
19904 19830 -18
19904 19820 -18
19904 19820 -18
19904 19810 -17
19904 19810 -18
19904 19800 -17
19904 19800 -17
19904 19790 -16
19904 19790 -16
19976 19790 -11
19976 19780 -13
19976 19780 -13
19976 19780 -13
19976 19770 -12
19976 19770 -13
19976 19770 -12
19976 19770 -12
19976 19770 -12
19976 19770 -12
19968 19770 -12
19968 19760 -11
19968 19760 -11
19968 19760 -11
19968 19760 -11
19968 19760 -10
19968 19760 -10
19968 19770 -11
19968 19770 -10
19968 19770 -10
20004 19770 -7
20004 19770 -8
20004 19780 -9
20004 19780 -8
20004 19780 -8
20004 19780 -8
20004 19780 -8
20004 19790 -8
20004 19790 -7
20004 19800 -8
20044 19800 -4
20044 19810 -7
20044 19810 -6
20044 19810 -6
20044 19820 -6
20044 19820 -6
20044 19830 -6
20044 19830 -5
20044 19840 -6
20044 19850 -6
20132 19850 0
20132 19860 -3
20132 19860 -2
20132 19870 -3
20132 19870 -2
20132 19880 -3
20132 19890 -3
20132 19890 -2
20132 19900 -3
20132 19910 -3
20140 19910 -1
20140 19920 -2
20140 19930 -2
20140 19940 -2
20140 19940 -2
20140 19950 -2
20140 19960 -2
20140 19960 -2
20140 19970 -2
20140 19980 -3
20148 19990 -2
20148 19990 -2
20148 20000 -2
20148 20010 -3
20148 20020 -3
20148 20020 -2
20148 20030 -3
20148 20040 -3
20148 20040 -3
20148 20050 -3
20200 20060 0
20200 20070 -2
20200 20080 -2
20200 20080 -2
20200 20090 -2
20200 20100 -2
20200 20100 -2
20200 20110 -2
20200 20120 -3
20200 20120 -2
20212 20130 -2
20212 20140 -3
20212 20140 -2
20212 20150 -3
20212 20160 -3
20212 20160 -3
20212 20170 -3
20212 20170 -3
20212 20180 -4
20212 20190 -4
20224 20190 -3
20224 20200 -4
20224 20200 -3
20224 20210 -4
20224 20210 -4
20224 20220 -4
20224 20220 -4
20224 20230 -5
20224 20230 -4
20224 20240 -5
20192 20240 -7
20192 20250 -6
20192 20250 -6
20192 20250 -6
20192 20260 -7
20192 20260 -6
20192 20270 -7
20192 20270 -7
20192 20270 -7
20192 20270 -7
20200 20280 -7
20200 20280 -7
20200 20280 -7
20200 20280 -7
20200 20290 -8
20200 20290 -8
20200 20290 -8
20200 20290 -8
20200 20290 -8
20200 20300 -9
20208 20300 -8
20208 20300 -8
20208 20300 -9
20208 20300 -9
20208 20300 -9
20208 20300 -9
20208 20300 -9
20208 20300 -9
20208 20300 -9
20208 20300 -9
20172 20300 -12
20172 20300 -11
20172 20300 -11
20172 20300 -11
20172 20300 -11
20172 20300 -11
20172 20300 -11
20172 20290 -11
20172 20290 -11
20172 20290 -11
20132 20290 -14
20132 20290 -13
20132 20280 -12
20132 20280 -13
20132 20280 -13
20132 20280 -13
20132 20280 -13
20132 20270 -13
20132 20270 -13
20132 20270 -13
20088 20260 -16
20088 20260 -15
20088 20260 -15
20088 20250 -14
20088 20250 -15
20088 20250 -15
20088 20250 -15
20088 20240 -15
20088 20240 -15
20088 20230 -15
20084 20230 -15
20084 20220 -15
20084 20220 -15
20084 20220 -15
20084 20210 -15
20084 20210 -15
20084 20210 -15
20084 20200 -15
20084 20200 -15
20084 20190 -15
20080 20190 -16
20080 20180 -15
20080 20180 -15
20080 20180 -15
20080 20170 -15
20080 20170 -15
20080 20160 -15
20080 20160 -15
20080 20150 -15
20080 20150 -15
20032 20150 -18
20032 20140 -16
20032 20140 -16
20032 20130 -16
20032 20130 -16
20032 20120 -16
20032 20120 -16
20032 20120 -16
20032 20110 -16
20032 20110 -16
20068 20100 -13
20068 20100 -15
20068 20090 -14
20068 20090 -15
20068 20090 -15
20068 20080 -14
20068 20080 -14
20068 20070 -14
20068 20070 -14
20068 20070 -14
20020 20060 -17
20020 20060 -15
20020 20060 -15
20020 20050 -15
20020 20050 -15
20020 20050 -15
20020 20040 -14
20020 20040 -15
20020 20040 -15
20020 20030 -14
20012 20030 -15
20012 20030 -15
20012 20020 -14
20012 20020 -15
20012 20020 -15
20012 20020 -15
20012 20010 -14
20012 20010 -14
20012 20010 -14
20012 20010 -14
20048 20010 -12
20048 20000 -12
20048 20000 -13
20048 20000 -13
20048 20000 -13
20048 20000 -13
20048 19990 -12
20048 19990 -12
20048 19990 -12
20048 19990 -12
20044 19990 -12
20044 19990 -12
20044 19990 -12
20044 19990 -12
20044 19990 -12
20044 19990 -12
20044 19980 -11
20044 19980 -11
20044 19980 -11
20044 19980 -11
20084 19980 -8
20084 19980 -10
20084 19980 -10
20084 19980 -10
20084 19980 -10
20084 19980 -10
20084 19980 -9
20084 19980 -9
20084 19990 -10
20084 19990 -9
20040 19990 -12
20040 19990 -11
20040 19990 -11
20040 19990 -11
20040 19990 -11
20040 19990 -10
20040 19990 -10
20040 19990 -10
20040 19990 -10
20040 20000 -11
20080 20000 -8
20080 20000 -9
20080 20000 -9
20080 20000 -9
20080 20000 -9
20080 20010 -10
20080 20010 -9
20080 20010 -9
20080 20010 -9
20080 20010 -9
20124 20020 -6
20124 20020 -8
20124 20020 -8
20124 20020 -7
20124 20020 -7
20124 20030 -8
20124 20030 -7
20124 20030 -7
20124 20030 -7
20124 20030 -7
20128 20040 -8
20128 20040 -7
20128 20040 -7
20128 20040 -7
20128 20050 -8
20128 20050 -7
20128 20050 -7
20128 20050 -7
20128 20060 -8
20128 20060 -7
20132 20060 -7
20132 20060 -7
20132 20070 -8
20132 20070 -7
20132 20070 -7
20132 20070 -7
20132 20080 -8
20132 20080 -7
20132 20080 -7
20132 20080 -7
20092 20090 -11
20092 20090 -9
20092 20090 -9
20092 20090 -9
20092 20100 -9
20092 20100 -9
20092 20100 -9
20092 20100 -9
20092 20110 -10
20092 20110 -9
20136 20110 -6
20136 20110 -8
20136 20120 -9
20136 20120 -8
20136 20120 -8
20136 20120 -8
20136 20120 -8
20136 20130 -9
20136 20130 -8
20136 20130 -8
20140 20130 -8
20140 20130 -8
20140 20140 -9
20140 20140 -9
20140 20140 -9
20140 20140 -9
20140 20140 -9
20140 20140 -9
20140 20150 -9
20140 20150 -9
20144 20150 -9
20144 20150 -9
20144 20150 -9
20144 20150 -9
20144 20150 -9
20144 20160 -9
20144 20160 -9
20144 20160 -9
20144 20160 -9
20144 20160 -9
20148 20160 -9
20148 20160 -9
20148 20160 -9
20148 20160 -9
20148 20160 -9
20148 20160 -9
20148 20170 -10
20148 20170 -9
20148 20170 -9
20148 20170 -9
20108 20170 -12
20108 20170 -11
20108 20170 -11
20108 20170 -11
20108 20170 -11
20108 20170 -11
20108 20170 -11
20108 20170 -11
20108 20170 -11
20108 20170 -11
20152 20170 -8
20152 20170 -10
20152 20170 -10
20152 20170 -10
20152 20170 -10
20152 20170 -10
20152 20170 -10
20152 20170 -10
20152 20160 -9
20152 20160 -10
20112 20160 -13
20112 20160 -11
20112 20160 -11
20112 20160 -11
20112 20160 -11
20112 20160 -11
20112 20160 -11
20112 20160 -11
20112 20160 -11
20112 20160 -12
20068 20150 -14
20068 20150 -13
20068 20150 -13
20068 20150 -13
20068 20150 -13
20068 20150 -13
20068 20150 -13
20068 20150 -13
20068 20150 -13
20068 20140 -13
20108 20140 -10
20108 20140 -12
20108 20140 -12
20108 20140 -12
20108 20140 -12
20108 20140 -12
20108 20140 -12
20108 20130 -11
20108 20130 -12
20108 20130 -12
20108 20130 -12
20108 20130 -12
20108 20130 -12
20108 20120 -11
20108 20120 -12
20108 20120 -12
20108 20120 -12
20108 20120 -12
20108 20120 -12
20108 20120 -12
20064 20110 -14
20064 20110 -13
20064 20110 -13
20064 20110 -13
20064 20110 -13
20064 20110 -13
20064 20110 -13
20064 20100 -12
20064 20100 -13
20064 20100 -13
20104 20100 -10
20104 20100 -12
20104 20100 -12
20104 20100 -12
20104 20090 -11
20104 20090 -11
20104 20090 -11
20104 20090 -11
20104 20090 -11
20104 20090 -11
20060 20090 -14
20060 20090 -13
20060 20080 -12
20060 20080 -12
20060 20080 -12
20060 20080 -12
20060 20080 -12
20060 20080 -12
20060 20080 -12
20060 20080 -12
20056 20080 -13
20056 20070 -12
20056 20070 -12
20056 20070 -12
20056 20070 -12
20056 20070 -12
20056 20070 -12
20056 20070 -12
20056 20070 -12
20056 20070 -12
20096 20070 -10
20096 20070 -11
20096 20070 -11
20096 20070 -11
20096 20060 -10
20096 20060 -11
20096 20060 -11
20096 20060 -11
20096 20060 -11
20096 20060 -11
20096 20060 -11
20096 20060 -11
20096 20060 -11
20096 20060 -10
20096 20060 -10
20096 20060 -10
20096 20060 -10
20096 20060 -10
20096 20060 -10
20096 20060 -10
20052 20060 -13
20052 20060 -12
20052 20060 -12
20052 20060 -12
20052 20060 -12
20052 20060 -12
20052 20060 -12
20052 20060 -12
20052 20060 -12
20052 20060 -12
20092 20060 -9
20092 20060 -10
20092 20060 -10
20092 20060 -10
20092 20060 -10
20092 20060 -10
20092 20060 -10
20092 20060 -10
20092 20060 -10
20092 20060 -10
20092 20070 -11
20092 20070 -10
20092 20070 -10
20092 20070 -10
20092 20070 -10
20092 20070 -10
20092 20070 -10
20092 20070 -10
20092 20070 -10
20092 20070 -10
20136 20070 -7
20136 20070 -9
20136 20070 -9
20136 20070 -9
20136 20070 -9
20136 20070 -8
20136 20080 -9
20136 20080 -9
20136 20080 -9
20136 20080 -9
20096 20080 -11
20096 20080 -10
20096 20080 -10
20096 20080 -10
20096 20080 -10
20096 20080 -10
20096 20080 -10
20096 20080 -10
20096 20090 -10
20096 20090 -10
20096 20090 -10
20096 20090 -10
20096 20090 -10
20096 20090 -10
20096 20090 -10
20096 20090 -10
20096 20090 -10
20096 20090 -10
20096 20090 -10
20096 20100 -11
20140 20100 -7
20140 20100 -9
20140 20100 -9
20140 20100 -9
20140 20100 -9
20140 20100 -9
20140 20100 -9
20140 20100 -9
20140 20100 -9
20140 20100 -8
20100 20100 -11
20100 20110 -10
20100 20110 -10
20100 20110 -10
20100 20110 -10
20100 20110 -10
20100 20110 -10
20100 20110 -10
20100 20110 -10
20100 20110 -10
20100 20110 -10
20100 20110 -10
20100 20110 -10
20100 20110 -10
20100 20110 -10
20100 20110 -10
20100 20120 -11
20100 20120 -10
20100 20120 -10
20100 20120 -10
20100 20120 -11
20100 20120 -11
20100 20120 -11
20100 20120 -11
20100 20120 -11
20100 20120 -11
20100 20120 -11
20100 20120 -11
20100 20120 -11
20100 20120 -11
20144 20120 -8
20144 20120 -9
20144 20120 -9
20144 20120 -9
20144 20120 -9
20144 20120 -9
20144 20120 -9
20144 20120 -9
20144 20120 -9
20144 20120 -9
20104 20120 -12
20104 20120 -10
20104 20120 -10
20104 20120 -10
20104 20120 -10
20104 20120 -10
20104 20120 -10
20104 20120 -10
20104 20120 -10
20104 20120 -10
20104 20120 -11
20104 20120 -11
20104 20120 -11
20104 20120 -11
20104 20120 -11
20104 20120 -11
20104 20120 -11
20104 20120 -11
20104 20120 -11
20104 20120 -11
20104 20120 -11
20104 20120 -11
20104 20120 -11
20104 20120 -11
20104 20120 -11
20104 20120 -11
20104 20120 -11
20104 20120 -11
20104 20120 -11
20104 20120 -11
20104 20120 -11
20104 20120 -11
20104 20120 -11
20104 20120 -11
20104 20120 -11
20104 20120 -11
20104 20120 -11
20104 20120 -11
20104 20120 -11
20104 20110 -10
20104 20110 -11
20104 20110 -11
20104 20110 -11
20104 20110 -11
20104 20110 -11
20104 20110 -11
20104 20110 -11
20104 20110 -11
20104 20110 -11
20104 20110 -11
20104 20110 -11
20104 20110 -11
20104 20110 -11
20104 20110 -11
20104 20110 -11
20104 20110 -11
20104 20110 -11
20104 20110 -11
20104 20110 -11
20104 20110 -11
20060 20100 -13
20060 20100 -12
20060 20100 -12
20060 20100 -12
20060 20100 -12
20060 20100 -12
20060 20100 -12
20060 20100 -12
20060 20100 -12
20060 20100 -12
20100 20100 -9
20100 20100 -11
20100 20100 -11
20100 20100 -11
20100 20100 -11
20100 20100 -11
20100 20100 -11
20100 20100 -11
20100 20100 -11
20100 20100 -11
20100 20100 -11
20100 20090 -10
20100 20090 -11
20100 20090 -11
20100 20090 -11
20100 20090 -11
20100 20090 -11
20100 20090 -11
20100 20090 -11
20100 20090 -11
20100 20090 -11
20100 20090 -11
20100 20090 -11
20100 20090 -11
20100 20090 -11
20100 20090 -11
20100 20090 -11
20100 20090 -11
20100 20090 -11
20100 20090 -11
20100 20090 -11
20100 20090 -10
20100 20090 -10
20100 20090 -10
20100 20090 -10
20100 20090 -10
20100 20090 -10
20100 20090 -10
20100 20090 -10
20100 20090 -10
20100 20090 -10
20100 20090 -10
20100 20090 -10
20100 20090 -10
20100 20090 -10
20100 20090 -10
20100 20090 -10
20100 20090 -10
20100 20090 -10
20100 20090 -10
20056 20090 -13
20056 20090 -12
20056 20090 -12
20056 20090 -12
20056 20090 -12
20056 20090 -12
20056 20090 -12
20056 20090 -12
20056 20090 -12
20056 20090 -12
20096 20090 -9
20096 20090 -11
20096 20090 -11
20096 20090 -11
20096 20090 -11
20096 20090 -11
20096 20090 -11
20096 20090 -11
20096 20090 -11
20096 20090 -11
20096 20090 -11
20096 20090 -11
20096 20090 -11
20096 20090 -11
20096 20090 -11
20096 20090 -11
20096 20090 -11
20096 20090 -11
20096 20090 -11
20096 20090 -11
20140 20090 -8
20140 20090 -9
20140 20090 -9
20140 20090 -9
20140 20090 -9
20140 20090 -9
20140 20090 -9
20140 20090 -9
20140 20090 -9
20140 20090 -9
20100 20090 -12
20100 20090 -10
20100 20090 -10
20100 20090 -10
20100 20090 -10
20100 20090 -10
20100 20090 -10
20100 20090 -10
20100 20100 -11
20100 20100 -10
20100 20100 -10
20100 20100 -10
20100 20100 -10
20100 20100 -10
20100 20100 -10
20100 20100 -10
20100 20100 -10
20100 20100 -10
20100 20100 -10
20100 20100 -10
20100 20100 -10
20100 20100 -10
20100 20100 -10
20100 20100 -10
20100 20100 -10
20100 20100 -10
20100 20100 -10
20100 20100 -10
20100 20100 -10
20100 20100 -10
20100 20100 -10
20100 20100 -10
20100 20100 -10
20100 20100 -10
20100 20100 -10
20100 20100 -10
20100 20100 -10
20100 20100 -10
20100 20100 -10
20100 20100 -10
20100 20100 -10
20100 20100 -10
20100 20100 -10
20100 20100 -10
20100 20100 -10
20100 20110 -11
20100 20110 -11
20100 20110 -11
20100 20110 -11
20100 20110 -11
20100 20110 -11
20100 20110 -11
20100 20110 -11
20100 20110 -11
20100 20110 -11
20100 20110 -11
20100 20110 -11
20100 20110 -11
20100 20110 -11
20100 20110 -11
20100 20110 -11
20100 20110 -11
20100 20110 -11
20100 20110 -11
20100 20110 -11
20100 20110 -11
20100 20110 -11
20100 20110 -11
20100 20110 -11
20100 20110 -11
20100 20110 -11
20100 20110 -11
20100 20110 -11
20100 20110 -11
20100 20110 -11
20100 20110 -11
20100 20110 -11
20100 20110 -11
20100 20110 -11
20100 20110 -11
20100 20110 -11
20100 20110 -11
20100 20110 -11
20100 20110 -11
20100 20110 -11
20100 20110 -11
20100 20110 -11
20100 20110 -11
20100 20110 -11
20100 20110 -11
20100 20110 -11
20100 20110 -11
20100 20110 -11
20100 20110 -11
20100 20110 -11
20100 20110 -11
20100 20110 -11
20100 20110 -11
20100 20110 -11
20100 20110 -11
20100 20110 -11
20100 20110 -11
20100 20110 -11
20100 20110 -11
20100 20110 -11
20100 20110 -11
20100 20110 -11
20100 20110 -11
20100 20110 -11
20100 20110 -11
20100 20100 -11
20100 20100 -11
20100 20100 -11
20100 20100 -11
20100 20100 -11
20100 20100 -11
20100 20100 -11
20100 20100 -11
20100 20100 -11
20100 20100 -11
20100 20100 -11
20100 20100 -11
20100 20100 -11
20100 20100 -11
20100 20100 -11
20100 20100 -11
20100 20100 -11
20100 20100 -11
20100 20100 -11
20100 20100 -11
20100 20100 -11
20100 20100 -11
20100 20100 -11
20100 20100 -11
20100 20100 -11
20100 20100 -11
20100 20100 -11
20100 20100 -11
20100 20100 -11
20100 20100 -11
20100 20100 -11
20100 20100 -11
20100 20100 -11
20100 20100 -11
20100 20100 -11
20100 20100 -11
20100 20100 -11
20100 20100 -11
20100 20100 -11
20100 20100 -11
20100 20100 -11
20100 20100 -11
20100 20100 -11
20100 20100 -11
20100 20100 -11
20100 20100 -11
20100 20100 -11
20100 20100 -11
20100 20100 -11
20100 20100 -11
20100 20100 -11
20100 20100 -11
20100 20100 -11
20100 20100 -11
20100 20100 -11
20100 20100 -11
20100 20100 -11
20100 20100 -11
20100 20100 -11
20100 20100 -11
20100 20100 -11
20100 20100 -11
20100 20100 -11
20100 20100 -11
20100 20100 -11
20100 20100 -11
20100 20100 -11
20100 20100 -11
20100 20100 -11
20100 20100 -11
20100 20100 -11
20100 20100 -11
20100 20100 -11
20100 20100 -11
20100 20100 -11
20100 20100 -11
20100 20100 -11
20100 20100 -11
20100 20100 -11
20100 20100 -11
20100 20100 -11
20100 20100 -11
20100 20100 -11
20100 20100 -11
20100 20100 -11
20100 20100 -11
20100 20100 -11
20100 20100 -11
20100 20100 -11
20100 20100 -11
20100 20100 -11
20100 20100 -11
20100 20100 -11
20100 20100 -11
20100 20100 -11
20100 20100 -11
20100 20100 -11
20100 20100 -11
20100 20100 -11
20100 20100 -11
20100 20100 -11
20100 20100 -11
20100 20100 -11
20100 20100 -11
20100 20100 -11
20100 20100 -11
20100 20100 -11
20100 20100 -11
20100 20100 -11
20100 20100 -11
20100 20100 -11
20100 20100 -11
20100 20100 -11
20100 20100 -11
20100 20100 -11
20100 20100 -11
20100 20100 -11
20100 20100 -11
20100 20100 -11
20100 20100 -11
20100 20100 -11
20100 20100 -11
20100 20100 -11
20100 20100 -11
20100 20100 -11
20100 20100 -11
20100 20100 -11
20100 20100 -11
20100 20100 -11
20100 20100 -11
20100 20100 -11
20100 20100 -11
20100 20100 -11
20100 20100 -11
20100 20100 -11
20100 20100 -11
20100 20100 -11
20100 20100 -11
20100 20100 -11
20100 20100 -11
20100 20100 -11
20100 20100 -11
20100 20100 -11
20100 20100 -11
20100 20100 -11
20100 20100 -11
20100 20100 -11
20100 20100 -11
20100 20100 -11
20100 20100 -11
20100 20100 -11
20100 20100 -11
20100 20100 -11
20100 20100 -11
20100 20100 -11
20100 20100 -11
20100 20100 -11
20100 20100 -11
20100 20100 -11
20100 20100 -11
20100 20100 -11
20100 20100 -11
20100 20100 -11
20100 20100 -11
20100 20100 -11
20100 20100 -11
20100 20100 -11
20100 20100 -11
20100 20100 -11
20100 20100 -11
20100 20100 -11
20100 20100 -11
20100 20100 -11
20100 20100 -11
20100 20100 -11
20100 20100 -11
20100 20100 -11
20100 20100 -11
20100 20100 -11
20100 20100 -11
20100 20100 -11
20100 20100 -11
20100 20100 -11
20100 20100 -11
20100 20100 -11
20100 20100 -11
20100 20100 -11
20100 20100 -11
20100 20100 -11
20100 20100 -11
20100 20100 -11
20100 20100 -11
20100 20100 -11
20100 20100 -11
20100 20100 -11
20100 20100 -11
20100 20100 -11
20100 20100 -11
20100 20100 -11
20100 20100 -11
20100 20100 -11
20100 20100 -11
20100 20100 -11
20100 20100 -11
20100 20100 -11
20100 20100 -11
20100 20100 -11
20100 20100 -11
20100 20100 -11
20100 20100 -11
20100 20100 -11
20100 20100 -11
20100 20100 -11
20100 20100 -11
20100 20100 -11
20100 20100 -11
20100 20100 -11
20100 20100 -11
20100 20100 -11
20100 20100 -11
20100 20100 -11
20100 20100 -11
20100 20100 -11
20100 20100 -11
20100 20100 -11
20100 20100 -11
20100 20100 -11
20100 20100 -11
20100 20100 -11
20100 20100 -11
20100 20100 -11
20100 20100 -11
20100 20100 -11
20100 20100 -11
20100 20100 -11
20100 20100 -11
20100 20100 -11
20100 20100 -11
20100 20100 -11
20100 20100 -11
20100 20100 -11
20100 20100 -11
20100 20100 -11
20100 20100 -11
20100 20100 -11
20100 20100 -11
20100 20100 -11
20100 20100 -11
20100 20100 -11
20100 20100 -11
20100 20100 -11
20100 20100 -11
20100 20100 -11
20100 20100 -11
20100 20100 -11
20100 20100 -11
20100 20100 -11
20100 20100 -11
20100 20100 -11
20100 20100 -11
20100 20100 -11
20100 20100 -11
20100 20100 -11
20100 20100 -11
20100 20100 -11
20100 20100 -11
20100 20100 -11
20100 20100 -11
20100 20100 -11
20100 20100 -11
20100 20100 -11
20100 20100 -11
20100 20100 -11
20100 20100 -11
20100 20100 -11
20100 20100 -11
20100 20100 -11
20100 20100 -11
20100 20100 -11
20100 20100 -11
20100 20100 -11
20100 20100 -11
20100 20100 -11
20100 20100 -11
20100 20100 -11
20100 20100 -11
20100 20100 -11
20100 20100 -11
20100 20100 -11
20100 20100 -11
20100 20100 -11
20100 20100 -11
20100 20100 -11
20100 20100 -11
20100 20100 -11
20100 20100 -11
20100 20100 -11
20100 20100 -11
20100 20100 -11
20100 20100 -11
20100 20100 -11
20100 20100 -11
20100 20100 -11
20100 20100 -11
20100 20100 -11
20100 20100 -11
20100 20100 -11
20100 20100 -11
20100 20100 -11
20100 20100 -11
20100 20100 -11
20100 20100 -11
20100 20100 -11
20100 20100 -11
20100 20100 -11
20100 20100 -11
20100 20100 -11
20100 20100 -11
20100 20100 -11
20100 20100 -11
20100 20100 -11
20100 20100 -11
20100 20100 -11
20100 20100 -11
20100 20100 -11
20100 20100 -11
20100 20100 -11
20100 20100 -11
20100 20100 -11
20100 20100 -11
20100 20100 -11
20100 20100 -11
20100 20100 -11
20100 20100 -11
20100 20100 -11
20100 20100 -11
20100 20100 -11
20100 20100 -11
20100 20100 -11
20100 20100 -11
20100 20100 -11
20100 20100 -11
20100 20100 -11
20100 20100 -11
20100 20100 -11
20100 20100 -11
20100 20100 -11
20100 20100 -11
20100 20100 -11
20100 20100 -11
20100 20100 -11
20100 20100 -11
20100 20100 -11
20100 20100 -11
20100 20100 -11
20100 20100 -11
20100 20100 -11
20100 20100 -11
20100 20100 -11
20100 20100 -11
20100 20100 -11
20100 20100 -11
20100 20100 -11
20100 20100 -11
20100 20100 -11
20100 20100 -11
20100 20100 -11
20100 20100 -11
20100 20100 -11
20100 20100 -11
20100 20100 -11
20100 20100 -11
20100 20100 -11
20100 20100 -11
20100 20100 -11
20100 20100 -11
20100 20100 -11
20100 20100 -11
20100 20100 -11
20100 20100 -11
20100 20100 -11
20100 20100 -11
20100 20100 -11
20100 20100 -11
20100 20100 -11
20100 20100 -11
20100 20100 -11
20100 20100 -11
20100 20100 -11
20100 20100 -11
20100 20100 -11
20100 20100 -11
20100 20100 -11
20100 20100 -11
20100 20100 -11
20100 20100 -11
20100 20100 -11
20100 20100 -11
20100 20100 -11
20100 20100 -11
20100 20100 -11
20100 20100 -11
20100 20100 -11
20100 20100 -11
20100 20100 -11
20100 20100 -11
20100 20100 -11
20100 20100 -11
20100 20100 -11
20100 20100 -11
20100 20100 -11
20100 20100 -11
20100 20100 -11
20100 20100 -11
20100 20100 -11
20100 20100 -11
20100 20100 -11
20100 20100 -11
20100 20100 -11
20100 20100 -11
20100 20100 -11
20100 20100 -11
20100 20100 -11
20100 20100 -11
20100 20100 -11
20100 20100 -11
20100 20100 -11
20100 20100 -11
20100 20100 -11
20100 20100 -11
20100 20100 -11
20100 20100 -11
20100 20100 -11
20100 20100 -11
20100 20100 -11
20100 20100 -11
20100 20100 -11
20100 20100 -11
20100 20100 -11
20100 20100 -11
20100 20100 -11
20100 20100 -11
20100 20100 -11
20100 20100 -11
20100 20100 -11
20100 20100 -11
20100 20100 -11
20100 20100 -11
20100 20100 -11
20100 20100 -11
20100 20100 -11
20100 20100 -11
20100 20100 -11
20100 20100 -11
20100 20100 -11
20100 20100 -11
20100 20100 -11
20100 20100 -11
20100 20100 -11
20100 20100 -11
20100 20100 -11
20100 20100 -11
20100 20100 -11
20100 20100 -11
20100 20100 -11
20100 20100 -11
20100 20100 -11
20100 20100 -11
20100 20100 -11
20100 20100 -11
20100 20100 -11
20100 20100 -11
20100 20100 -11
20100 20100 -11
20100 20100 -11
20100 20100 -11
20100 20100 -11
20100 20100 -11
20100 20100 -11
20100 20100 -11
20100 20100 -11
20100 20100 -11
20100 20100 -11
20100 20100 -11
20100 20100 -11
20100 20100 -11
20100 20100 -11
20100 20100 -11
20100 20100 -11
20100 20100 -11
20100 20100 -11
20100 20100 -11
20100 20100 -11
20100 20100 -11
20100 20100 -11
20100 20100 -11
20100 20100 -11
20100 20100 -11
20100 20100 -11
20100 20100 -11
20100 20100 -11
20100 20100 -11
20100 20100 -11
20100 20100 -11
20100 20100 -11
20100 20100 -11
20100 20100 -11
20100 20100 -11
20100 20100 -11
20100 20100 -11
20100 20100 -11
20100 20100 -11
20100 20100 -11
20100 20100 -11
20100 20100 -11
20100 20100 -11
20100 20100 -11
20100 20100 -11
20100 20100 -11
20100 20100 -11
20100 20100 -11
20100 20100 -11
20100 20100 -11
20100 20100 -11
20100 20100 -11
20100 20100 -11
20100 20100 -11
20100 20100 -11
20100 20100 -11
20100 20100 -11
20100 20100 -11
20100 20100 -11
20100 20100 -11
20100 20100 -11
20100 20100 -11
20100 20100 -11
20100 20100 -11
20100 20100 -11
20100 20100 -11
20100 20100 -11
20100 20100 -11
20100 20100 -11
20100 20100 -11
20100 20100 -11
20100 20100 -11
20100 20100 -11
20100 20100 -11
20100 20100 -11
20100 20100 -11
20100 20100 -11
20100 20100 -11
20100 20100 -11
20100 20100 -11
20100 20100 -11
20100 20100 -11
20100 20100 -11
20100 20100 -11
20100 20100 -11
20100 20100 -11
20100 20100 -11
20100 20100 -11
20100 20100 -11
20100 20100 -11
20100 20100 -11
20100 20100 -11
20100 20100 -11
20100 20100 -11
20100 20100 -11
20100 20100 -11
20100 20100 -11
20100 20100 -11
20100 20100 -11
20100 20100 -11
20100 20100 -11
20100 20100 -11
20100 20100 -11
20100 20100 -11
20100 20100 -11
20100 20100 -11
20100 20100 -11
20100 20100 -11
20100 20100 -11
20100 20100 -11
20100 20100 -11
20100 20100 -11
20100 20100 -11
20100 20100 -11
20100 20100 -11
20100 20100 -11
20100 20100 -11
20100 20100 -11
20100 20100 -11
20100 20100 -11
20100 20100 -11
20100 20100 -11
20100 20100 -11
20100 20100 -11
20100 20100 -11
20100 20100 -11
20100 20100 -11
20100 20100 -11
20100 20100 -11
20100 20100 -11
20100 20100 -11
20100 20100 -11
20100 20100 -11
20100 20100 -11
20100 20100 -11
20100 20100 -11
20100 20100 -11
20100 20100 -11
20100 20100 -11
20100 20100 -11
20100 20100 -11
20100 20100 -11
20100 20100 -11
20100 20100 -11
20100 20100 -11
20100 20100 -11
20100 20100 -11
20100 20100 -11
20100 20100 -11
20100 20100 -11
20100 20100 -11
20100 20100 -11
20100 20100 -11
20100 20100 -11
20100 20100 -11
20100 20100 -11
20100 20100 -11
20100 20100 -11
20100 20100 -11
20100 20100 -11
20100 20100 -11
20100 20100 -11
20100 20100 -11
20100 20100 -11
20100 20100 -11
20100 20100 -11
20100 20100 -11
20100 20100 -11
20100 20100 -11
20100 20100 -11
20100 20100 -11
20100 20100 -11
20100 20100 -11
20100 20100 -11
20100 20100 -11
20100 20100 -11
20100 20100 -11
20100 20100 -11
20100 20100 -11
20100 20100 -11
20100 20100 -11
20100 20100 -11
20100 20100 -11
20100 20100 -11
20100 20100 -11
20100 20100 -11
20100 20100 -11
20100 20100 -11
20100 20100 -11
20100 20100 -11
20100 20100 -11
20100 20100 -11
20100 20100 -11
20100 20100 -11
20100 20100 -11
20100 20100 -11
20100 20100 -11
20100 20100 -11
20100 20100 -11
20100 20100 -11
20100 20100 -11
20100 20100 -11
20100 20100 -11
20100 20100 -11
20100 20100 -11
20100 20100 -11
20100 20100 -11
20100 20100 -11
20100 20100 -11
20100 20100 -11
20100 20100 -11
20100 20100 -11
20100 20100 -11
20100 20100 -11
20100 20100 -11
20100 20100 -11
20100 20100 -11
20100 20100 -11
20100 20100 -11
20100 20100 -11
20100 20100 -11
20100 20100 -11
20100 20100 -11
20100 20100 -11
20100 20100 -11
20100 20100 -11
20100 20100 -11
20100 20100 -11
20100 20100 -11
20100 20100 -11
20100 20100 -11
20100 20100 -11
20100 20100 -11
20100 20100 -11
20100 20100 -11
20100 20100 -11
20100 20100 -11
20100 20100 -11
20100 20100 -11
20100 20100 -11
20100 20100 -11
20100 20100 -11
20100 20100 -11
20100 20100 -11
20100 20100 -11
20100 20100 -11
20100 20100 -11
20100 20100 -11
20100 20100 -11
20100 20100 -11
20100 20100 -11
20100 20100 -11
20100 20100 -11
20100 20100 -11
20100 20100 -11
20100 20100 -11
20100 20100 -11
20100 20100 -11
20100 20100 -11
20100 20100 -11
20100 20100 -11
20100 20100 -11
20100 20100 -11
20100 20100 -11
20100 20100 -11
20100 20100 -11
20100 20100 -11
20100 20100 -11
20100 20100 -11
20100 20100 -11
20100 20100 -11
20100 20100 -11
20100 20100 -11
20100 20100 -11
20100 20100 -11
20100 20100 -11
20100 20100 -11
20100 20100 -11
20100 20100 -11
20100 20100 -11
20100 20100 -11
20100 20100 -11
20100 20100 -11
20100 20100 -11
20100 20100 -11
20100 20100 -11
20100 20100 -11
20100 20100 -11
20100 20100 -11
20100 20100 -11
20100 20100 -11
20100 20100 -11
20100 20100 -11
20100 20100 -11
20100 20100 -11
20100 20100 -11
20100 20100 -11
20100 20100 -11
20100 20100 -11
20100 20100 -11
20100 20100 -11
20100 20100 -11
20100 20100 -11
20100 20100 -11
20100 20100 -11
20100 20100 -11
20100 20100 -11
20100 20100 -11
20100 20100 -11
20100 20100 -11
20100 20100 -11
20100 20100 -11
20100 20100 -11
20100 20100 -11
20100 20100 -11
20100 20100 -11
20100 20100 -11
20100 20100 -11
20100 20100 -11
20100 20100 -11
20100 20100 -11
20100 20100 -11
20100 20100 -11
20100 20100 -11
20100 20100 -11
20100 20100 -11
20100 20100 -11
20100 20100 -11
20100 20100 -11
20100 20100 -11
20100 20100 -11
20100 20100 -11
20100 20100 -11
20100 20100 -11
20100 20100 -11
20100 20100 -11
20100 20100 -11
20100 20100 -11
20100 20100 -11
20100 20100 -11
20100 20100 -11
20100 20100 -11
20100 20100 -11
20100 20100 -11
20100 20100 -11
20100 20100 -11
20100 20100 -11
20100 20100 -11
20100 20100 -11
20100 20100 -11
20100 20100 -11
20100 20100 -11
20100 20100 -11
20100 20100 -11
20100 20100 -11
20100 20100 -11
20100 20100 -11
20100 20100 -11
20100 20100 -11
20100 20100 -11
20100 20100 -11
20100 20100 -11
20100 20100 -11
20100 20100 -11
20100 20100 -11
20100 20100 -11
20100 20100 -11
20100 20100 -11
20100 20100 -11
20100 20100 -11
20100 20100 -11
20100 20100 -11
20100 20100 -11
20100 20100 -11
20100 20100 -11
20100 20100 -11
20100 20100 -11
20100 20100 -11
20100 20100 -11
20100 20100 -11
20100 20100 -11
20100 20100 -11
20100 20100 -11
20100 20100 -11
20100 20100 -11
20100 20100 -11
20100 20100 -11
